n,N,R,qc0-mean,qc0-var,qcf-mean,qcf-var,m-mean,m-var,cc-mean,cc-var,all-mean,all-var
2.000000000000000000e+00,4.000000000000000000e+00,1.000000000000000000e+02,8.233285714285748513e-03,2.795010408163315453e-07,1.709110204081630904e-02,1.308210887546979388e-06,1.303530612244890212e-03,3.557353477716768631e-08,1.508469387755146263e-04,6.518415347769124579e-09,2.677876530612246023e-02,2.195725036755980480e-06
3.000000000000000000e+00,6.000000000000000000e+00,1.000000000000000000e+02,8.392091836734756963e-03,1.138024303414898033e-07,3.196253061224482717e-02,1.102648371512013269e-06,1.370204081632647990e-03,4.971693044575052133e-09,2.623163265306816851e-04,1.385256320284082088e-08,4.198714285714291727e-02,1.541954857142983453e-06
4.000000000000000000e+00,8.000000000000000000e+00,1.000000000000000000e+02,8.854428571428575589e-03,2.694078775510575629e-07,6.348191836734691507e-02,8.739442462722824673e-06,1.523948979591824337e-03,3.041788515201274922e-08,3.367959183673320273e-04,1.132110120783516901e-08,7.419709183673464659e-02,1.161644636911504765e-05
5.000000000000000000e+00,1.000000000000000000e+01,1.000000000000000000e+02,9.676806122449151115e-03,1.155910746565346647e-07,1.242991122448979940e-01,1.216998040577025822e-05,1.722204081632483508e-03,1.090248896290607903e-08,3.927857142860303758e-04,8.278576530582892067e-09,1.360909081632656614e-01,1.451211036912212708e-05
6.000000000000000000e+00,1.200000000000000000e+01,1.000000000000000000e+02,1.353955102040807663e-02,4.505349437747868791e-09,2.577907959183677877e-01,1.409975570596561441e-06,2.363326530612310395e-03,6.512199083879901775e-10,4.595510204080869958e-04,7.181186172431569575e-09,2.741532244897962878e-01,1.446637459808679384e-06
7.000000000000000000e+00,1.400000000000000000e+01,1.000000000000000000e+02,2.975567346938722338e-02,2.953710158257467511e-07,6.044078979591837042e-01,1.778595764385966092e-04,4.476306122448937483e-03,1.322186547278622704e-08,5.476428571431399793e-04,8.185005101796289016e-09,6.391875204081629569e-01,1.851245306577769417e-04
8.000000000000000000e+00,1.600000000000000000e+01,1.000000000000000000e+02,9.595201020408390680e-02,2.173037234590143902e-06,1.844520469387755934e+00,7.809040777779593066e-03,1.494472448979582146e-02,1.170819751129857028e-07,6.721632653046603293e-04,1.054050395616397763e-08,1.956089367346940389e+00,7.878417613925646837e-03
9.000000000000000000e+00,1.800000000000000000e+01,3.300000000000000000e+01,3.754871290322512323e-01,2.195509714459286535e-05,8.807366548387088656e+00,4.145466359048238791e-01,7.364616129032056091e-02,4.216998135274309224e-06,8.132258064466118489e-04,8.845658688433833590e-09,9.257313064516106138e+00,4.148643136399308151e-01
1.000000000000000000e+01,2.000000000000000000e+01,6.000000000000000000e+00,1.549758500000052663e+00,2.334239962497293506e-04,5.308071199999994860e+01,3.452629205697157033e+01,4.672467499999868323e-01,5.553117518791656274e-05,1.032000000037669452e-03,2.220000000272448670e-09,5.509874925000002577e+01,3.474055445003615006e+01
